0 0.229087 0.108373 0.392172 0.120634
0 0.249424 0.220832 0.465081 0.122616
0 0.204144 0.354347 0.406754 0.183552
0 0.183807 0.477459 0.366078 0.064652
0 0.233691 0.546569 0.206447 0.065643
0 0.232540 0.618157 0.211819 0.068615
0 0.232924 0.688754 0.215656 0.068120
0 0.234075 0.757493 0.208749 0.066386
0 0.233308 0.828957 0.210284 0.068120
0 0.234459 0.899059 0.212586 0.069606
0 0.232540 0.967798 0.211819 0.064404
0 0.734843 0.109983 0.510361 0.041120
0 0.654643 0.218603 0.360706 0.087441
0 0.659248 0.369705 0.366846 0.111717
0 0.652341 0.476715 0.534152 0.027496
0 0.686876 0.547436 0.594014 0.049542
0 0.563699 0.617662 0.347659 0.015110
0 0.673446 0.687020 0.567153 0.014119
0 0.620107 0.758856 0.457406 0.015110
0 0.488488 0.828338 0.203377 0.015853
0 0.632771 0.898068 0.488872 0.027991
0 0.499616 0.968169 0.219493 0.013129
