0 0.394112 0.064005 0.471035 0.065906
0 0.434948 0.147655 0.552707 0.032953
0 0.357075 0.205323 0.400760 0.029151
0 0.335233 0.262357 0.357075 0.029151
0 0.440646 0.324461 0.560304 0.029151
0 0.491928 0.380228 0.670465 0.031686
0 0.378917 0.439163 0.440646 0.035488
0 0.272555 0.500000 0.231719 0.025349
0 0.294397 0.559569 0.275404 0.030418
0 0.434948 0.619772 0.552707 0.031686
0 0.409307 0.679341 0.501425 0.031686
0 0.347578 0.736375 0.381766 0.031686
0 0.485280 0.798162 0.653371 0.025982
0 0.433523 0.855830 0.549858 0.025982
0 0.296296 0.915082 0.275404 0.026616
0 0.324311 0.973067 0.333333 0.025982
0 0.055081 0.064322 0.108262 0.074144
0 0.065527 0.139734 0.129155 0.043726
0 0.064577 0.200887 0.119658 0.046895
0 0.069801 0.262041 0.097816 0.025982
0 0.045109 0.319392 0.088319 0.055767
0 0.043685 0.378961 0.045584 0.027883
0 0.043685 0.438847 0.045584 0.027250
0 0.053656 0.498733 0.086420 0.029151
0 0.044634 0.557985 0.062678 0.025982
0 0.057455 0.617871 0.113010 0.025349
0 0.052707 0.677440 0.076923 0.026616
0 0.059354 0.736375 0.116809 0.035488
0 0.054606 0.794994 0.107312 0.027250
0 0.056030 0.854563 0.110161 0.025982
0 0.038936 0.915082 0.055081 0.031686
0 0.038936 0.974335 0.055081 0.029785
