0 0.023084 0.081191 0.037858 0.027009
0 0.024007 0.136023 0.041551 0.026033
0 0.023546 0.189717 0.042475 0.026033
0 0.024007 0.241458 0.043398 0.025382
0 0.021468 0.292060 0.037396 0.025057
0 0.022853 0.338432 0.040166 0.023430
0 0.021237 0.385129 0.038781 0.025708
0 0.115882 0.428571 0.226223 0.026684
0 0.021930 0.495444 0.037396 0.027009
0 0.023084 0.533680 0.039705 0.026033
0 0.548707 0.085747 0.023546 0.021803
0 0.548246 0.136349 0.024469 0.021477
0 0.551708 0.232509 0.025854 0.020501
0 0.557710 0.286528 0.033241 0.027660
0 0.559326 0.354540 0.034626 0.026359
0 0.557248 0.411813 0.034164 0.023755
0 0.552401 0.462740 0.026316 0.019525
0 0.555863 0.558412 0.031394 0.022128
0 0.557248 0.515620 0.054478 0.015295
0 0.547784 0.184185 0.066020 0.024081
0 0.180286 0.084933 0.123269 0.027335
0 0.206833 0.136674 0.174515 0.016271
0 0.185596 0.189717 0.136657 0.014969
0 0.205217 0.243085 0.175900 0.016922
0 0.179594 0.290107 0.126500 0.017898
0 0.196214 0.338757 0.157895 0.016271
0 0.216297 0.384640 0.198061 0.016922
0 0.202678 0.458672 0.170822 0.028311
0 0.177054 0.496258 0.123269 0.026684
0 0.199677 0.535958 0.164820 0.026684
0 0.705448 0.086235 0.114497 0.017572
0 0.723453 0.138301 0.150508 0.016922
0 0.730840 0.184348 0.162512 0.019850
0 0.728532 0.232509 0.160665 0.028311
0 0.729686 0.285877 0.160203 0.027660
0 0.783703 0.360072 0.271006 0.041979
0 0.732225 0.412789 0.169898 0.019850
0 0.713527 0.468435 0.130656 0.027660
0 0.751847 0.514969 0.204524 0.027660
0 0.789705 0.560690 0.283010 0.029938
0 0.741228 0.608689 0.183287 0.018549
0 0.741921 0.656850 0.184672 0.029613
0 0.709603 0.705662 0.120037 0.029613
0 0.714220 0.741458 0.129271 0.017898
0 0.731764 0.781809 0.162512 0.019199
0 0.731302 0.825252 0.163435 0.026684
0 0.729686 0.863814 0.164820 0.020501
0 0.731533 0.915229 0.168513 0.028311
0 0.239381 0.621380 0.244229 0.028311
0 0.252770 0.704523 0.272853 0.040351
0 0.209141 0.768630 0.183749 0.052066
0 0.211219 0.829157 0.189751 0.018874
0 0.213758 0.883339 0.192982 0.029613
0 0.222761 0.946957 0.212835 0.029938
0 0.553093 0.607712 0.034164 0.027009
0 0.559557 0.649691 0.045245 0.025708
0 0.554940 0.700781 0.027701 0.022454
0 0.549861 0.741946 0.092336 0.024732
0 0.555633 0.781321 0.025392 0.022128
0 0.550554 0.815815 0.032779 0.024732
0 0.550785 0.865278 0.032318 0.028637
0 0.548476 0.910836 0.034164 0.029938
0 0.170822 0.581191 0.333333 0.030589
0 0.118652 0.666450 0.230840 0.026033
0 0.019852 0.749105 0.029548 0.029938
0 0.020545 0.828669 0.030933 0.025057
0 0.027932 0.879434 0.049400 0.025057
0 0.031625 0.940449 0.050323 0.022128
