0 0.158604 0.161321 0.207772 0.060377
0 0.141158 0.270283 0.149088 0.106604
0 0.141158 0.413679 0.149088 0.106604
0 0.126487 0.544340 0.049960 0.041509
0 0.132038 0.614151 0.062649 0.037736
0 0.129659 0.732075 0.070579 0.111321
0 0.139968 0.863679 0.154639 0.050000
0 0.569389 0.158491 0.231562 0.035849
0 0.594766 0.272170 0.282316 0.040566
0 0.612213 0.415094 0.323553 0.043396
0 0.572561 0.546226 0.244251 0.041509
0 0.610230 0.616038 0.313243 0.045283
0 0.628469 0.733962 0.356067 0.077358
0 0.586836 0.851887 0.264869 0.041509
