0 0.044321 0.047953 0.070175 0.017817
0 0.053555 0.075057 0.084949 0.015921
0 0.035088 0.102919 0.059095 0.016300
0 0.038781 0.130212 0.060942 0.016300
0 0.046168 0.159022 0.073869 0.017058
0 0.044783 0.185368 0.071099 0.017437
0 0.037396 0.213609 0.058172 0.018575
0 0.045706 0.241281 0.078486 0.017058
0 0.039705 0.268006 0.055402 0.016679
0 0.042013 0.295679 0.061865 0.018196
0 0.054940 0.323730 0.089566 0.017437
0 0.038781 0.350455 0.060942 0.016300
0 0.033241 0.378696 0.053555 0.017437
0 0.037858 0.406179 0.060942 0.017058
0 0.055863 0.446550 0.100646 0.018196
0 0.053555 0.486922 0.083102 0.035254
0 0.059095 0.531842 0.060942 0.015921
0 0.030933 0.570887 0.060018 0.032600
0 0.034626 0.613533 0.061865 0.034496
0 0.037396 0.658453 0.060018 0.017437
0 0.036011 0.685557 0.057248 0.016300
0 0.037396 0.713230 0.061865 0.015542
0 0.038781 0.740713 0.060942 0.016679
0 0.036473 0.767248 0.056325 0.015163
0 0.041090 0.795489 0.060018 0.017058
0 0.038781 0.824299 0.055402 0.017058
0 0.054940 0.864670 0.098800 0.016679
0 0.050323 0.891964 0.095106 0.018196
0 0.054478 0.920584 0.094183 0.016300
0 0.046168 0.960766 0.077562 0.016300
0 0.053555 0.989575 0.086796 0.020849
0 0.443675 0.990523 0.309326 0.018954
0 0.463527 0.961903 0.341644 0.016300
0 0.418744 0.926270 0.259464 0.029189
0 0.401662 0.892343 0.230840 0.018196
0 0.380425 0.864670 0.188366 0.018954
0 0.412281 0.824109 0.246537 0.018196
0 0.512927 0.795489 0.451524 0.015542
0 0.437211 0.768954 0.296399 0.020091
0 0.392428 0.741092 0.212373 0.015163
0 0.409511 0.712282 0.252078 0.018196
0 0.376270 0.685747 0.178209 0.017437
0 0.375346 0.658453 0.172669 0.016679
0 0.392428 0.616945 0.206833 0.018575
0 0.372114 0.575815 0.169898 0.018196
0 0.415974 0.534685 0.259464 0.017058
0 0.367498 0.488249 0.160665 0.016679
0 0.390120 0.447498 0.207756 0.019333
0 0.469529 0.412623 0.361034 0.029947
0 0.471837 0.377180 0.369344 0.017437
0 0.431671 0.349886 0.290859 0.018954
0 0.352724 0.323161 0.131117 0.017058
0 0.404894 0.295679 0.231764 0.018954
0 0.376731 0.268764 0.179132 0.017437
0 0.412742 0.240713 0.247461 0.017437
0 0.343029 0.212472 0.113573 0.016300
0 0.434441 0.186126 0.294552 0.016679
0 0.357802 0.157506 0.141274 0.015542
0 0.415512 0.129265 0.258541 0.016679
0 0.396584 0.102540 0.218837 0.017058
0 0.469529 0.076005 0.366574 0.018575
0 0.534164 0.049090 0.490305 0.017817
