0 0.512101 0.218159 0.394966 0.070618
0 0.502904 0.334174 0.386254 0.105927
0 0.525169 0.447667 0.428848 0.052963
0 0.440465 0.539723 0.251694 0.060530
0 0.047435 0.222573 0.063892 0.064313
0 0.071636 0.312106 0.116167 0.059269
0 0.073088 0.449559 0.109390 0.059269
0 0.049855 0.540353 0.062924 0.059269
0 0.047435 0.653216 0.056147 0.055485
0 0.049371 0.743380 0.063892 0.059269
0 0.082769 0.863808 0.163601 0.088272
0 0.404163 0.653846 0.181026 0.056747
0 0.459826 0.742119 0.292352 0.049180
0 0.442885 0.858134 0.262343 0.097100
