0 0.069424 0.219715 0.019092 0.057007
0 0.068846 0.274347 0.019092 0.057007
0 0.069714 0.328979 0.019092 0.057007
0 0.069135 0.380048 0.019092 0.057007
0 0.068557 0.437055 0.019092 0.057007
0 0.067978 0.541568 0.019092 0.057007
0 0.359705 0.220903 0.032687 0.059382
0 0.356089 0.327791 0.025456 0.057007
0 0.364912 0.436461 0.043679 0.060570
0 0.366358 0.487530 0.043679 0.060570
0 0.361296 0.596793 0.037026 0.058195
0 0.360717 0.707838 0.034712 0.059382
0 0.360428 0.812352 0.034712 0.059382
0 0.361007 0.863420 0.034712 0.059382
0 0.738068 0.222684 0.036159 0.055819
0 0.738068 0.381829 0.036159 0.055819
0 0.737778 0.540974 0.036159 0.055819
0 0.736621 0.706057 0.036159 0.055819
0 0.737489 0.866390 0.036159 0.055819
0 0.899769 0.250594 0.185999 0.111639
0 0.899335 0.413895 0.186289 0.115202
0 0.903095 0.576603 0.193810 0.115202
0 0.903384 0.734561 0.193231 0.117577
0 0.898467 0.895487 0.184553 0.118765
0 0.481631 0.220309 0.102401 0.065321
0 0.520249 0.329572 0.180214 0.060570
0 0.529216 0.437648 0.196992 0.058195
0 0.552647 0.486342 0.239803 0.051069
0 0.518658 0.597387 0.177032 0.054632
0 0.507955 0.707838 0.155626 0.059382
0 0.506075 0.814727 0.153023 0.057007
0 0.485970 0.867577 0.108765 0.048694
0 0.215939 0.220309 0.139138 0.055819
0 0.184119 0.269596 0.074342 0.049881
0 0.194388 0.326603 0.096037 0.049881
0 0.191496 0.377672 0.089673 0.054632
0 0.224617 0.438836 0.155337 0.053444
0 0.204946 0.542755 0.118889 0.054632
