0 0.506019 0.076215 0.413586 0.024068
0 0.409716 0.096508 0.220980 0.020293
0 0.440241 0.117744 0.287188 0.018405
0 0.430782 0.138981 0.268272 0.021236
0 0.528375 0.160689 0.460017 0.021236
0 0.472055 0.203398 0.345658 0.023596
0 0.447549 0.271590 0.301806 0.021236
0 0.564488 0.314771 0.537403 0.020765
0 0.590284 0.357008 0.588994 0.022180
0 0.651763 0.379896 0.696475 0.020765
0 0.536113 0.422133 0.478934 0.022180
0 0.558899 0.465786 0.526225 0.020765
0 0.521496 0.508259 0.449699 0.021708
0 0.460017 0.529495 0.328461 0.018877
0 0.528375 0.572440 0.465176 0.021708
0 0.573947 0.615621 0.556320 0.020293
0 0.573517 0.669184 0.555460 0.047192
0 0.474635 0.734073 0.357696 0.044832
0 0.528375 0.798962 0.463457 0.048136
0 0.574377 0.851345 0.550301 0.021708
0 0.097163 0.851109 0.116939 0.024068
0 0.095443 0.786928 0.116939 0.024068
0 0.096303 0.722275 0.116939 0.024068
0 0.095443 0.658093 0.116939 0.024068
0 0.095443 0.614677 0.116939 0.024068
0 0.092003 0.572440 0.108340 0.023596
0 0.092003 0.529967 0.108340 0.023596
0 0.090284 0.508731 0.108340 0.023596
0 0.094583 0.467673 0.108340 0.023596
0 0.113070 0.424257 0.143594 0.020765
0 0.104901 0.380604 0.127257 0.024068
0 0.104041 0.356064 0.127257 0.024068
0 0.080825 0.316895 0.080825 0.022180
0 0.087704 0.272298 0.098022 0.021708
0 0.065778 0.205050 0.050731 0.024068
0 0.067498 0.161633 0.050731 0.024068
0 0.065778 0.140396 0.050731 0.024068
0 0.069647 0.119160 0.056750 0.024068
0 0.067068 0.098395 0.056750 0.024068
0 0.066208 0.076687 0.056750 0.024068
