0 0.078680 0.037784 0.067682 0.035208
0 0.085448 0.088235 0.077834 0.041649
0 0.075719 0.138686 0.090525 0.051524
0 0.081218 0.202447 0.103215 0.045084
0 0.079949 0.253542 0.093909 0.030485
0 0.077411 0.302490 0.098985 0.033920
0 0.079526 0.352726 0.094755 0.031344
0 0.077834 0.404680 0.101523 0.032203
0 0.075719 0.490339 0.100677 0.099614
0 0.078680 0.572778 0.049069 0.031773
0 0.081218 0.622585 0.071066 0.032632
0 0.071066 0.680764 0.082910 0.078574
0 0.076142 0.765135 0.096447 0.080721
0 0.076142 0.842422 0.091371 0.030056
0 0.078257 0.881709 0.095601 0.032203
0 0.068951 0.950837 0.134518 0.041649
0 0.399323 0.953199 0.521151 0.039502
0 0.351946 0.891584 0.428088 0.040790
0 0.291878 0.841992 0.318105 0.024903
0 0.435279 0.774152 0.603215 0.062688
0 0.412860 0.685487 0.565144 0.063976
0 0.398477 0.621511 0.531303 0.024474
0 0.225888 0.571705 0.186125 0.022757
0 0.464890 0.489480 0.667513 0.101331
0 0.454738 0.404465 0.643824 0.024903
0 0.372673 0.356161 0.479695 0.024474
0 0.420051 0.312581 0.574450 0.041219
0 0.411591 0.253113 0.552453 0.025333
0 0.500000 0.211679 0.727580 0.042937
0 0.418359 0.141048 0.571066 0.022757
0 0.399323 0.090382 0.531303 0.023615
0 0.385787 0.040575 0.500846 0.022757
