0 0.4444852557956737 0.07574444088343407 0.0574823037570345 0.014886190693854093
0 0.7493127825741148 0.07443095346927044 0.5013744348517705 0.017513165522181275
0 0.4424800591529865 0.09281977726756083 0.05079831494807699 0.014010532417745036
0 0.7298915779381591 0.09325760640561537 0.457184834532693 0.014886190693854112
0 0.451837643485527 0.11033294278974214 0.064166292565992 0.015761848969963185
0 0.6242845547566306 0.1098951136516876 0.25131797921680205 0.013134874141635978
0 0.4424800591529865 0.12740827917386888 0.04545112390091099 0.014886190693854093
0 0.7506495803359062 0.12697045003581434 0.49870083932818743 0.015761848969963167
0 0.4371328681058205 0.14448361555799563 0.03208314628299604 0.014010532417745018
0 0.6984768305360588 0.1453592738341047 0.39702893525207544 0.014010532417745036
0 0.438469665867612 0.16112112280406787 0.037430337330161975 0.015761848969963185
0 0.7131816059157653 0.16199678108017693 0.4264384860114885 0.01225921586552694
0 0.449164047961944 0.17863428832624917 0.056145505995243 0.015761848969963167
0 0.684440454037248 0.17863428832624917 0.36895618225445387 0.014010532417745055
0 0.446490452438361 0.19746094126259403 0.05614550599524314 0.013134874141635961
0 0.6389893301363371 0.19658528298648498 0.27270674340546613 0.014886190693854112
0 0.43780126698671623 0.21366061937061173 0.03876713509195355 0.014010532417745055
0 0.620274161471256 0.21409844850866627 0.23795000159888688 0.013134874141635961
0 0.446490452438361 0.23029812661668395 0.05347191047165999 0.014010532417745018
0 0.5467502845727235 0.2307359557547385 0.08822865227823903 0.014886190693854075
0 0.4404748625102992 0.24737346300081073 0.04411432613911956 0.014886190693854075
0 0.5835122230219898 0.24868695041497432 0.16442612470035456 0.014010532417745055
0 0.45116924460463126 0.2657622867991011 0.06550309032778358 0.013134874141635926
0 0.6670620831339584 0.2657622867991011 0.331525844924292 0.013134874141635926
0 0.4391380647485078 0.2819619649071188 0.03876713509195355 0.01401053241774509
0 0.5955434028781132 0.28239979404517335 0.18848848441260146 0.013134874141635998
0 0.446490452438361 0.2990373012912455 0.05347191047165999 0.014886190693854075
0 0.5788334308557195 0.2994751304293001 0.1523949448442311 0.014010532417745018
0 0.4565164356517972 0.31698829595148137 0.07352387689853244 0.015761848969963167
0 0.6690672797766457 0.31786395422759045 0.33286264268608357 0.015761848969963202
0 0.43780126698671623 0.3345014614736626 0.03341994404478747 0.014010532417745055
0 0.5721494420467621 0.3349392906117171 0.14704775379706503 0.013134874141635961
0 0.44715885131925676 0.3515767978577894 0.06282949480420051 0.013134874141635961
0 0.657704498801418 0.3511389687197348 0.31815786730637696 0.015761848969963167
0 0.44314845803388225 0.3677764759658071 0.04946151718628556 0.014010532417745126
0 0.5768282342130323 0.3686521342419162 0.15640533812960555 0.014010532417745055
0 0.44582205355746524 0.38572747062604296 0.052135112709868495 0.014886190693854147
0 0.700482027178746 0.3848518123499338 0.4037129240610331 0.01663750724607226
0 0.4404748625102992 0.40280280701016963 0.03876713509195348 0.014010532417744984
0 0.5360559024783916 0.4028028070101697 0.07218707913674102 0.015761848969963098
0 0.43913806474850775 0.4207538016704055 0.041440730615536554 0.01313487414163589
0 0.5801702286175111 0.4203159725323509 0.16041573141498006 0.014010532417745055
0 0.443816856914778 0.43739130891647776 0.04812471942449399 0.014886190693854147
0 0.628294948042005 0.4382669671925868 0.25933876578755105 0.014886190693854075
0 0.438469665867612 0.45534230357671357 0.04010393285374512 0.014010532417745055
0 0.7365755667471166 0.45490447443865906 0.47590000319777404 0.014886190693854147
0 0.4364644692249247 0.4724176399608403 0.036093539568370546 0.01663750724607219
0 0.5734862398085536 0.4715419816847312 0.14437415827348205 0.014886190693854075
0 0.438469665867612 0.4899308054830216 0.04010393285374512 0.013134874141635961
0 0.6971400327742673 0.489492976344967 0.3916817442049094 0.015761848969963098
0 0.43579607034402895 0.5061304835910393 0.03475674180657912 0.014010532417745055
0 0.6069061838533412 0.5070061418671483 0.21121404636305713 0.014010532417744912
0 0.443816856914778 0.5240814782512752 0.04812471942449399 0.014886190693854147
0 0.6155953693049858 0.5240814782512752 0.23393960831351251 0.014886190693854147
0 0.4324540759395503 0.5398433272212383 0.036093539568370546 0.013134874141635961
0 0.6008905939252792 0.5411568146354017 0.2018564620305166 0.01576184896996331
