0 0.061921 0.136312 0.035880 0.029782
0 0.370949 0.136884 0.440972 0.028637
0 0.061921 0.195876 0.028935 0.025200
0 0.506366 0.191294 0.711806 0.029782
0 0.062500 0.252005 0.030093 0.027491
0 0.390625 0.252005 0.473380 0.029782
0 0.065394 0.315578 0.086806 0.026346
0 0.480903 0.313860 0.663194 0.029782
0 0.064815 0.375143 0.094907 0.019473
0 0.517361 0.379152 0.733796 0.036655
0 0.074074 0.462772 0.099537 0.123711
0 0.291088 0.464490 0.285880 0.033219
0 0.069444 0.570447 0.027778 0.025200
0 0.438657 0.565292 0.592593 0.033219
0 0.067130 0.632302 0.030093 0.029782
0 0.437500 0.631157 0.578704 0.029782
0 0.070602 0.697595 0.030093 0.025200
0 0.443287 0.702176 0.594907 0.027491
0 0.068866 0.761741 0.028935 0.027491
0 0.458912 0.764605 0.628472 0.033219
0 0.071181 0.824742 0.028935 0.029782
0 0.451968 0.828179 0.614583 0.036655
0 0.067130 0.892325 0.032407 0.027491
0 0.457755 0.889462 0.628472 0.033219
0 0.076389 0.968499 0.101852 0.063001
0 0.467014 0.957617 0.616898 0.038946
