0 0.538052 0.117280 0.072831 0.052850
0 0.662439 0.125891 0.144845 0.033254
0 0.537234 0.184086 0.099018 0.060570
0 0.797872 0.180819 0.404255 0.043349
0 0.528642 0.242874 0.088380 0.045131
0 0.794190 0.269893 0.411620 0.065914
0 0.538462 0.347981 0.093290 0.062945
0 0.795827 0.350653 0.408347 0.044537
0 0.545827 0.417458 0.070376 0.038005
0 0.794190 0.423694 0.411620 0.029097
0 0.531915 0.490796 0.091653 0.056413
0 0.794190 0.494062 0.411620 0.034442
0 0.533552 0.564727 0.085106 0.060570
0 0.774550 0.575713 0.365794 0.036223
0 0.538871 0.641033 0.102291 0.076603
0 0.778232 0.645784 0.373159 0.024347
0 0.538052 0.713480 0.058101 0.039786
0 0.784370 0.714667 0.395254 0.039786
0 0.534370 0.794240 0.104746 0.042162
0 0.795827 0.779988 0.408347 0.037411
0 0.537234 0.850653 0.099018 0.044537
0 0.795827 0.853325 0.408347 0.034442
