0 0.07453717036015099 0.25356679636835283 0.14907434072030198 0.12062256809338517
0 0.5713080225292498 0.2821011673151751 0.7410631966442759 0.0609597924773022
0 0.07841482662166174 0.4072632944228275 0.15682965324332349 0.10894941634241243
0 0.599313317751272 0.4357976653696498 0.7987971898712135 0.05966277561608301
0 0.07669142383876806 0.5648508430609597 0.15338284767753613 0.11543450064850833
0 0.599313317751272 0.5992217898832685 0.7987971898712135 0.051880674448767865
0 0.05687229183549094 0.7444876783398183 0.05342548626970361 0.1219195849546044
0 0.5682920676591859 0.7587548638132295 0.7333078841212542 0.05447470817120632
0 0.0646276043585124 0.8994811932555125 0.07238291688153392 0.12321660181582353
0 0.5557973974832069 0.9156939040207521 0.7065951409864024 0.059662775616082936
