0 0.05990610794827662 0.20128205128205123 0.0922448033893817 0.06666666666666668
0 0.5131779866719626 0.20128205128205132 0.6107242155434927 0.04615384615384617
0 0.06043625049649146 0.29102564102564105 0.09118451829295203 0.1
0 0.5545291054327199 0.30769230769230765 0.6934264530650073 0.1
0 0.06255682068935081 0.4275641025641026 0.09542565867867074 0.10128205128205131
0 0.5555893905291495 0.433974358974359 0.6997881636435852 0.09871794871794869
0 0.060436250496491456 0.5711538461538462 0.09330508848581137 0.08589743589743591
0 0.5481673948541419 0.5596153846153845 0.68494417229357 0.0961538461538462
0 0.059906107948276624 0.6846153846153845 0.09436537358224106 0.0820512820512819
0 0.5486975374023566 0.6814102564102563 0.6796427468114214 0.10128205128205131
0 0.07209938655721787 0.7884615384615384 0.12299307118584225 0.06666666666666671
0 0.4755378657487091 0.783974358974359 0.5354439736969857 0.04743589743589752
0 0.06202667814113598 0.8833333333333334 0.09860651396795976 0.0948717948717949
0 0.511587559027318 0.8698717948717949 0.6139050708327817 0.05
0 0.06202667814113598 0.9666666666666666 0.09860651396795976 0.06666666666666671
0 0.4278250364093738 0.9615384615384616 0.4527417361754711 0.046153846153846274
