0 0.12549277877642098 0.1346153846153846 0.08262257484658773 0.05897435897435898
0 0.39908262567408415 0.1551282051282051 0.4458501208702658 0.03076923076923075
0 0.11847765449699374 0.2243589743589743 0.059238827248496884 0.03846153846153843
0 0.3975237091675447 0.2301282051282051 0.44896795388334465 0.03205128205128204
0 0.12237494576334221 0.3044871794871795 0.05767991074195748 0.037179487179487186
0 0.46923386846835685 0.3102564102564102 0.58927043947189 0.030769230769230802
0 0.12081602925680283 0.39230769230769225 0.06079774375503625 0.05128205128205124
0 0.2642363478584268 0.3948717948717948 0.18239323126510879 0.030769230769230802
0 0.12003657100353314 0.4692307692307692 0.05923882724849687 0.05897435897435898
0 0.25722122357899957 0.473076923076923 0.17148081571933305 0.033333333333333284
0 0.1192571127502634 0.5506410256410256 0.09509390689890285 0.04487179487179496
0 0.5580921093411021 0.5544871794871794 0.7669869212173804 0.0371794871794873
0 0.12081602925680283 0.6294871794871795 0.09197607388582407 0.043589743589743574
0 0.5479591520485961 0.632051282051282 0.740485340606211 0.038461538461538464
0 0.1208160292568028 0.7108974358974358 0.09509390689890285 0.04743589743589752
0 0.5354878199962809 0.7115384615384613 0.7248961755408169 0.03846153846153854
0 0.11691873799045435 0.7814102564102563 0.05612099423541808 0.05000000000000014
0 0.23695530899398748 0.7878205128205127 0.12471332052315134 0.026923076923076935
0 0.11925711275026343 0.8583333333333332 0.10444740593813923 0.04487179487179489
0 0.28060497117709043 0.8564102564102564 0.20889481187627845 0.033333333333333284
0 0.11925711275026345 0.93525641025641 0.10132957292506044 0.05
0 0.36556592078348726 0.9352564102564103 0.3819345441021509 0.03717948717948715
