0 0.11757105943152453 0.270428977269469 0.04392764857881138 0.07685876196079644
0 0.3832902670111973 0.2682940116594469 0.41343669250646004 0.055509105860575225
0 0.11843238587424633 0.4248581563944026 0.04565030146425498 0.07543545155411507
0 0.3604651162790698 0.42058822517435845 0.37295434969853575 0.058355726673938124
0 0.11972437553832904 0.5835572667393805 0.05340223944875108 0.08539862440088498
0 0.12015503875968989 0.7579127915578541 0.04565030146425496 0.06974220992738968
0 0.4806201550387597 0.7678759644046238 0.6115417743324719 0.05550910586057526
0 0.12187769164513364 0.9023787978360174 0.045650301464254986 0.07401214114743399
0 0.3776916451335056 0.5799989907226769 0.4056847545219638 0.05835572667393798
0 0.5512489233419465 0.9230167987328983 0.7545219638242894 0.05266248504721247
