0 0.49087561374795413 0.07371794871794872 0.14264761425154218 0.04743589743589745
0 0.8048743128121196 0.08076923076923076 0.39025137437576063 0.023076923076923085
0 0.49786814385832384 0.13076923076923078 0.13985060220739434 0.035897435897435895
0 0.8118668429224895 0.1346153846153846 0.37626631415502115 0.028205128205128212
0 0.49227411977002816 0.1942307692307692 0.13985060220739434 0.05000000000000004
0 0.8090698308783415 0.191025641025641 0.381860338243317 0.04102564102564102
0 0.38878467413655615 0.25897435897435894 0.4531159511519575 0.04358974358974366
0 0.8146638549666373 0.25576923076923075 0.3706722900667254 0.026923076923076935
0 0.493672625792102 0.3166666666666667 0.14824163833983797 0.04615384615384617
0 0.8118668429224895 0.3128205128205128 0.37626631415502115 0.023076923076923102
0 0.5034621679466197 0.3730769230769231 0.10069243358932396 0.04871794871794877
0 0.8104683369004154 0.37243589743589745 0.37906332619916916 0.02435897435897445
0 0.4964696378362499 0.4346153846153847 0.11467749381006329 0.03589743589743584
0 0.8076713248562676 0.433974358974359 0.38465735028746484 0.021794871794871752
0 0.493672625792102 0.4967948717948718 0.11467749381006342 0.04230769230769241
0 0.6880649628603801 0.4923076923076923 0.13425657811909864 0.02564102564102562
0 0.4922741197700281 0.5474358974358975 0.06712828905954936 0.03589743589743591
0 0.7398096856771161 0.5455128205128206 0.24893407192916192 0.02435897435897438
0 0.5006651559024717 0.591025641025641 0.07272231314784512 0.03076923076923073
0 0.7677798061185949 0.5948717948717949 0.2936862646355282 0.028205128205128105
0 0.49786814385832384 0.6358974358974359 0.1006924335893239 0.038461538461538394
0 0.7258246254563767 0.6371794871794871 0.22096395148768302 0.02564102564102562
0 0.49646963783625 0.6858974358974359 0.08670737336858444 0.03589743589743591
0 0.8118668429224895 0.6820512820512821 0.37626631415502115 0.025641025641025692
0 0.49507113181417595 0.7269230769230771 0.06153426497125359 0.04102564102564102
0 0.6782754207058627 0.7256410256410257 0.1146774938100635 0.020512820512820582
0 0.5006651559024717 0.7724358974358974 0.10069243358932396 0.03205128205128204
0 0.7579902639640774 0.7717948717948718 0.2573251080616055 0.020512820512820582
0 0.5020636619245457 0.8083333333333332 0.10908346972176766 0.03461538461538453
0 0.7300201435225985 0.8115384615384617 0.21816693944353524 0.028205128205128036
0 0.493672625792102 0.8621794871794871 0.10908346972176751 0.03974358974358978
0 0.7468022157874857 0.8628205128205129 0.25173108397330984 0.025641025641025692
0 0.49786814385832384 0.9237179487179487 0.1510386503839859 0.04743589743589737
0 0.7579902639640772 0.9205128205128205 0.27410718032649295 0.02564102564102555
