0 0.18475452196382428 0.3266294858704373 0.11283376399655472 0.13052228820400533
0 0.4302325581395348 0.32399267196732606 0.31438415159345384 0.07514919623866977
0 0.1838931955211025 0.46506221578377627 0.1128337639965547 0.11470140478533807
0 0.4457364341085271 0.46638062273533193 0.3505598621877691 0.07251238233555853
0 0.1851851851851852 0.5955845039877816 0.11197243755383292 0.11206459088222687
0 0.5318690783807063 0.5929476900846704 0.5211024978466838 0.06987556843244733
0 0.18604651162790695 0.7326988269495649 0.11541774332472007 0.11470140478533793
0 0.5301464254952626 0.7300620130464537 0.5159345391903529 0.07251238233555825
0 0.1830318690783807 0.8632211151535704 0.06632213608957793 0.05932831282000251
0 0.4164513350559862 0.8632211151535703 0.2902670111972438 0.06460194062622478
