0 0.18273120395369055 0.19935897435897448 0.2798586006497964 0.06282051282051283
0 0.47301590933357746 0.1980769230769231 0.2875409936088104 0.0858974358974359
0 0.1860236580789823 0.367948717948718 0.2688837535654906 0.11794871794871789
0 0.5405112189020577 0.37307692307692314 0.42911652099635444 0.11282051282051285
0 0.1860236580789823 0.542948717948718 0.2688837535654906 0.1192307692307692
0 0.5882518037187877 0.5467948717948719 0.5202077517960921 0.11153846153846153
0 0.18547491572476701 0.7057692307692304 0.2655912994401989 0.10897435897435895
0 0.5388649918394119 0.7057692307692309 0.41923915862047934 0.10384615384615373
0 0.18821862749584348 0.8987179487179489 0.2622988453149072 0.20256410256410234
0 0.4565536387071188 0.873717948717949 0.2590063911896155 0.10128205128205124
