0 0.11453903620392415 0.04038461538461538 0.0715868976274526 0.05512820512820513
0 0.40536080781545036 0.04102564102564103 0.4850012314259914 0.048717948717948725
0 0.11632870864461048 0.10961538461538461 0.07516624250882523 0.05512820512820515
0 0.3427222723914294 0.11217948717948717 0.3597241605779493 0.05
0 0.10917001888186523 0.3243589743589743 0.07516624250882524 0.043589743589743574
0 0.3364584188490272 0.3269230769230769 0.3507757983745178 0.04102564102564102
0 0.11006485510220837 0.39615384615384613 0.06621788030539365 0.048717948717948684
0 0.45189229127329456 0.39871794871794874 0.5816435432230523 0.046153846153846205
0 0.11274936376323783 0.46666666666666673 0.06442820786470735 0.05384615384615394
0 0.4518922912732945 0.47051282051282056 0.585222888104425 0.046153846153846205
0 0.11006485510220837 0.5391025641025641 0.0590591905426484 0.05
0 0.37672604876446925 0.5403846153846155 0.4348904030867745 0.044871794871794816
0 0.11095969132255153 0.608974358974359 0.06800755274607997 0.048717948717948614
0 0.3668828503406945 0.608974358974359 0.4116246613578525 0.043589743589743504
0 0.11185452754289468 0.6801282051282052 0.06621788030539366 0.04743589743589752
0 0.45189229127329456 0.6820512820512821 0.5816435432230523 0.04615384615384613
0 0.11185452754289468 0.7525641025641024 0.06621788030539366 0.05128205128205124
0 0.37851572120515553 0.7551282051282052 0.42773171332402926 0.030769230769230802
0 0.11185452754289468 0.8237179487179488 0.06979722518676629 0.05
0 0.34182743617108613 0.8282051282051281 0.3650931779000083 0.038461538461538394
0 0.11095969132255153 0.8961538461538461 0.06800755274607997 0.048717948717948614
0 0.3552499794762335 0.8980769230769231 0.3883589196289303 0.04230769230769226
0 0.11274936376323785 0.9685897435897437 0.06800755274607999 0.04487179487179489
0 0.38746408340858723 0.9711538461538461 0.4527871274936377 0.0371794871794873
