0 0.11082833921681307 0.10384615384615385 0.07080699449963056 0.0512820512820513
0 0.33248501765043925 0.10961538461538463 0.34479927756341844 0.03974358974358976
0 0.11313726295049667 0.35320512820512817 0.06618914703226335 0.06025641025641029
0 0.38482062228060093 0.358974358974359 0.44947048682374185 0.043589743589743504
0 0.11236762170593546 0.4378205128205128 0.07080699449963059 0.05000000000000007
0 0.3332546588950004 0.44166666666666665 0.34325999507429605 0.03717948717948715
0 0.11005869797225187 0.5185897435897435 0.06926771201050819 0.05512820512820511
0 0.36634923241113215 0.525 0.40944914210655947 0.03717948717948723
0 0.1131372629504967 0.6032051282051282 0.06311058205401857 0.05256410256410263
0 0.45331869304654787 0.607051282051282 0.5772309334209014 0.039743589743589706
0 0.11159798046137429 0.6858974358974359 0.06618914703226339 0.051282051282051384
0 0.3332546588950004 0.6903846153846155 0.3617313849437649 0.03461538461538467
0 0.11082833921681307 0.8525641025641025 0.0738855594778754 0.05128205128205124
0 0.35788317872095887 0.8583333333333334 0.3863599047697234 0.03717948717948715
