0 0.02842377260981912 0.24201828743093629 0.043066322136089574 0.10609020818890354
0 0.12015503875968993 0.24699126593979115 0.1352282515073213 0.0895136131593874
0 0.02842377260981912 0.34479317661393666 0.04134366925064599 0.07956765614167775
0 0.12489233419465975 0.3497661551227915 0.14642549526270454 0.06962169912396803
0 0.030577088716623627 0.43927976828217885 0.03875968992248065 0.0895136131593874
0 0.09991386735572781 0.43927976828217896 0.09474590869939709 0.06962169912396796
0 0.0305770887166236 0.5337663599504212 0.037037037037037035 0.09282893216529069
0 0.08096468561584841 0.5271357219386147 0.058570198105081836 0.07956765614167764
0 0.0305770887166236 0.6299106111216151 0.037037037037037035 0.08619829415348419
0 0.06847545219638244 0.6299106111216151 0.035314384151593464 0.06630638011806482
0 0.0305770887166236 0.7277125217957605 0.037037037037037035 0.08951361315938755
0 0.10809646856158485 0.7243972027898573 0.1145564168819983 0.06299106111216161
0 0.0310077519379845 0.817226134955148 0.03617571059431524 0.08288297514758085
0 0.13006029285099052 0.8238567729669544 0.15676141257536608 0.06962169912396803
0 0.0305770887166236 0.9150280456292934 0.037037037037037035 0.08619829415348419
0 0.10852713178294573 0.9150280456292934 0.11541774332472006 0.06630638011806468
0 0.8018949181739878 0.22875701140732332 0.02583979328165384 0.08619829415348416
0 0.8729543496985357 0.23207233041322659 0.08871662360034463 0.08619829415348412
0 0.8014642549526271 0.3597121121405012 0.050818260120585705 0.043099147076742096
0 0.8630490956072352 0.3580544526375496 0.06546080964685615 0.05967574210625827
0 0.8014642549526272 0.4757482773471145 0.05254091300602923 0.06299106111216148
0 0.8725236864771747 0.4724329583412113 0.08440999138673547 0.056360423100355064
0 0.7980189491817399 0.5636042310035503 0.054263565891473034 0.06630638011806482
0 0.8751076658053403 0.5652618905065019 0.09474590869939703 0.06962169912396803
