0 0.0305770887166236 0.1390405072532501 0.05254091300602928 0.0650239188149528
0 0.24289405684754523 0.15218363977967672 0.24978466838931956 0.03873765376209955
0 0.02885443583118002 0.20060570698230112 0.02670111972437554 0.038737653762099526
0 0.22480620155038764 0.20613965751974392 0.21188630490956079 0.044271604299542314
0 0.030146425495262707 0.2531782370880077 0.02928509905254091 0.04150462903082097
0 0.17958656330749356 0.255945212356729 0.12661498708010338 0.038737653762099526
0 0.028854435831180022 0.2960663537531893 0.02842377260981913 0.038737653762099526
0 0.22265288544358314 0.2988333290219106 0.21102497846683893 0.038737653762099526
0 0.028423772609819126 0.34725539622453505 0.02928509905254092 0.052572530105706505
0 0.24289405684754523 0.3472553962245351 0.24978466838931956 0.04150462903082094
0 0.02971576227390181 0.40467013305050403 0.03875968992248062 0.04565509193390298
0 0.2028423772609819 0.3991361825130612 0.16451335055986221 0.04288811666518164
0 0.028423772609819126 0.4766114900372602 0.027562446167097333 0.04842206720262446
0 0.21963824289405692 0.4869876472949656 0.1998277347114557 0.044271604299542196
0 0.03402239448751077 0.5298757639601471 0.03875968992248062 0.04703857956826376
0 0.2222222222222222 0.5347179706804096 0.20844099913867353 0.0401211413964603
0 0.028854435831180022 0.5789895749799518 0.02842377260981913 0.045655091933903054
0 0.22351421188630488 0.5859070131517554 0.2058570198105082 0.045655091933903054
0 0.025409130060292853 0.6322538489028389 0.03531438415159346 0.05533950537442785
0 0.2459086993970715 0.6377877994402815 0.2558139534883721 0.04427160429954242
0 0.02670111972437554 0.6827511475570043 0.03617571059431524 0.04288811666518157
0 0.21963824289405687 0.6855181228257257 0.20155038759689922 0.04565509193390298
0 0.04866494401378123 0.7401658843829731 0.04565030146425496 0.055339505374427916
0 0.27605512489233425 0.7387823967486125 0.25236864771748496 0.0498055548369851
0 0.050818260120585705 0.8010393402948438 0.04478897502153316 0.055339505374427916
0 0.2816537467700258 0.7941219021230403 0.26184323858742464 0.055339505374427916
0 0.4995693367786391 0.1494166645109553 0.03273040482342807 0.04427160429954233
0 0.7170542635658915 0.15425887123121776 0.2575366063738157 0.04288811666518162
0 0.49827734711455646 0.1999139631651208 0.0267011197243756 0.034587190859017444
0 0.7140396210163652 0.2033726822510225 0.2480620155038759 0.044271604299542314
0 0.5 0.25317823708800763 0.023255813953488483 0.035970678493378115
0 0.7041343669250647 0.2524864932708273 0.22825150732127475 0.040121141396460266
0 0.49870801033591733 0.2981415852047303 0.1102497846683893 0.04012114139646023
0 0.7304048234280792 0.3022920481078124 0.280792420327304 0.04842206720262442
0 0.5004306632213609 0.34518016477299396 0.11024978466838938 0.045655091933903054
0 0.7347114556416883 0.3500223714932565 0.28940568475452205 0.04150462903082094
0 0.5004306632213609 0.39636920724433977 0.1119724375538329 0.045655091933903054
0 0.7954349698535745 0.39636920724433977 0.4091300602928511 0.04288811666518164
0 0.5025839793281653 0.4440995306297839 0.11627906976744186 0.038737653762099596
0 0.7919896640826875 0.4434077868126036 0.4074074074074075 0.04012114139646023
0 0.49870801033591733 0.4925215978324083 0.06546080964685615 0.04427160429954227
0 0.694659776055125 0.4904463663808672 0.2093023255813953 0.04288811666518157
0 0.5004306632213609 0.5540867975614594 0.02756244616709729 0.0401211413964603
0 0.7510766580534022 0.5547785413786397 0.32213608957795 0.04150462903082094
0 0.5021533161068045 0.610809790570248 0.031007751937984482 0.029053240321574664
0 0.6602067183462532 0.6052758400328052 0.13695090439276483 0.03735416612773889
0 0.5008613264427217 0.6530061634182492 0.05943152454780361 0.027669752687213885
0 0.7019810508182601 0.6550813948697903 0.22222222222222235 0.04012114139646037
0 0.49827734711455646 0.7028117182552343 0.03359173126614998 0.04427160429954227
0 0.6511627906976745 0.7055786935239557 0.12058570198105095 0.04150462903082087
0 0.5 0.7706026123389086 0.03531438415159343 0.06087345591187059
0 0.7179155900086133 0.7650686618014657 0.25925925925925924 0.04150462903082101
0 0.5055986218776917 0.8363182749710415 0.05167958656330747 0.04565509193390298
0 0.6412575366063739 0.8363182749710415 0.10249784668389317 0.04012114139646016
0 0.49913867355727815 0.8923495241626499 0.08871662360034456 0.05810648064314933
0 0.7437553832902671 0.8881990612595678 0.3092161929371231 0.03873765376209946
0 0.49827734711455646 0.9552982115260616 0.08354866494401371 0.0622569435462313
0 0.7950043066322137 0.9407715913652743 0.4099913867355728 0.04150462903082087
