0 0.17004075298758553 0.06282051282051283 0.2751696832579185 0.09230769230769231
0 0.4402714932126696 0.0717948717948718 0.19755772131337734 0.05128205128205129
0 0.1763908226012298 0.23974358974358967 0.17215744285880025 0.24102564102564095
0 0.4169879046293073 0.28525641025641024 0.1622795567931314 0.02948717948717949
0 0.1756852593108249 0.4141025641025641 0.2525916579649611 0.038461538461538464
0 0.46073282863441234 0.42179487179487185 0.26105841744982006 0.028205128205128247
0 0.17780194918203968 0.5032051282051282 0.2681140503538693 0.05769230769230774
0 0.4381548033414549 0.49230769230769234 0.21308011370228563 0.023076923076923064
0 0.1785075124724446 0.5891025641025641 0.2695251769346792 0.07051282051282051
0 0.4318047337278106 0.5865384615384615 0.1890909618285184 0.02435897435897438
0 0.17709638589163476 0.6891025641025641 0.26952517693467914 0.06538461538461547
0 0.4572050121823877 0.6858974358974359 0.24553602506091188 0.04615384615384613
0 0.17639082260122982 0.7801282051282052 0.27375855667710874 0.07307692307692307
0 0.4508549425687434 0.7846153846153847 0.22719137951038404 0.028205128205128174
0 0.10936231001276249 0.8506410256410257 0.049389430328344336 0.02948717948717956
0 0.36618734772015316 0.8493589743589743 0.07196745562130175 0.02435897435897445
0 0.10089555052790347 0.882051282051282 0.032455911358626285 0.028205128205128174
0 0.4092267084348532 0.882051282051282 0.1495794175658429 0.020512820512820582
0 0.11924019607843137 0.9192307692307692 0.06914520245968209 0.028205128205128174
0 0.393704316045945 0.9211538461538461 0.12417913911126582 0.026923076923076935
0 0.7429581447963801 0.7346153846153847 0.06350069613644266 0.04615384615384613
0 0.8897153092006033 0.7333333333333334 0.10583449356073786 0.030769230769230802
0 0.7394303283443554 0.787820512820513 0.05080055690915415 0.03717948717948715
0 0.8784262965541245 0.7923076923076923 0.08607872142940011 0.02564102564102555
0 0.7415470182155701 0.8333333333333333 0.04092267084348535 0.028205128205128174
0 0.8572593978419769 0.8391025641025641 0.032455911358626396 0.021794871794871683
0 0.7408414549251653 0.8705128205128204 0.0338670379394361 0.025641025641025692
0 0.8629039041652163 0.8685897435897436 0.04656717716672461 0.02435897435897445
0 0.743663708086785 0.9057692307692307 0.0338670379394361 0.03461538461538467
0 0.8988876319758671 0.9076923076923077 0.12417913911126575 0.02564102564102555
0 0.7295524422786867 0.6717948717948719 0.19473546815175766 0.07692307692307693
0 0.9179378408168 0.666025641025641 0.156635050469892 0.02948717948717956
