0 0.12754165419535068 0.19391025641025642 0.16545944328045492 0.05128205128205128
0 0.5006871695101267 0.19230769230769235 0.5377431906614786 0.06410256410256412
0 0.12409458246034122 0.2892628205128205 0.16890651501546444 0.046474358974358976
0 0.3572028085403572 0.28766025641025644 0.24732739698693001 0.05608974358974354
0 0.12323281452658884 0.3950320512820513 0.16890651501546444 0.049679487179487156
0 0.42011186770428016 0.3894230769230769 0.3783161229172903 0.07051282051282044
0 0.12280193055971267 0.5448717948717949 0.1335740297316173 0.1634615384615384
0 0.40977065249925176 0.5440705128205128 0.35591015663972864 0.05929487179487183
0 0.11418425122218898 0.7267628205128205 0.07325027436895143 0.07532051282051284
0 0.5605800409059164 0.7596153846153847 0.6540818617180486 0.20512820512820526
0 0.11461513518906516 0.9407051282051282 0.07238850643519906 0.08012820512820497
0 0.5657506485084306 0.9334935897435898 0.6575289334530581 0.05608974358974365
