0 0.09316000264795447 0.20576923076923076 0.11838011386204159 0.07051282051282051
0 0.5255047663180195 0.20128205128205132 0.5466073083542963 0.04615384615384617
0 0.094189394942407 0.3108974358974359 0.12249768303985174 0.09102564102564102
0 0.4832996822454653 0.3243589743589744 0.4621971402091883 0.05128205128205128
0 0.094189394942407 0.4282051282051282 0.11632132927313651 0.09230769230769226
0 0.5095491857540051 0.4416666666666667 0.5126373626373627 0.055128205128205036
0 0.10293922944525356 0.5615384615384615 0.13382099827882962 0.11282051282051285
0 0.6078561498742222 0.5673076923076923 0.711310075466702 0.0653846153846154
0 0.12661525221766187 0.6916666666666665 0.19558453594598177 0.10128205128205124
0 0.548151396795975 0.6762820512820512 0.5939593538991129 0.05
0 0.09624817953131207 0.8173076923076923 0.17190851317357342 0.08846153846153854
0 0.536313385409771 0.8166666666666665 0.6876340526942937 0.05128205128205124
0 0.09316000264795445 0.9262820512820514 0.16779094399576328 0.05769230769230759
0 0.5816066463656826 0.9269230769230767 0.7761617900172118 0.05128205128205124
