0 0.09264927469608743 0.2096153846153846 0.13866712636632955 0.06794871794871796
0 0.592096358157115 0.20384615384615387 0.6368870671161507 0.048717948717948725
0 0.09448998876289715 0.3141025641025641 0.1374399836551231 0.06666666666666668
0 0.6338192103381347 0.30833333333333335 0.7129699152109511 0.05769230769230774
0 0.0938764174072939 0.41666666666666674 0.13375855552150373 0.06666666666666664
0 0.6282970681377056 0.4025641025641026 0.7166513433445705 0.10256410256410263
0 0.09203570334048422 0.5358974358974359 0.1325314128102973 0.08461538461538459
0 0.5436242210644601 0.5506410256410257 0.5350342220860149 0.049999999999999926
0 0.09264927469608743 0.6493589743589743 0.13866712636632955 0.0884615384615384
0 0.5718485034222085 0.6666666666666667 0.5963913576463377 0.04615384615384613
0 0.10492070180815201 0.782051282051282 0.1656642660128716 0.09230769230769241
0 0.5847335018898764 0.783974358974359 0.6147984983144346 0.05256410256410248
0 0.12762284196547144 0.9064102564102563 0.23070282970681377 0.09743589743589752
0 0.6190934978036572 0.8923076923076922 0.6810642047195833 0.053846153846153724
